Box: (0.0, 0.54335, 0.0234, 0.1159) Status: moving
Box: (0.023899999999999998, 0.53955, 0.0238, 0.1151) Status: moving
Box: (0.12935, 0.5307000000000001, 0.0175, 0.081) Status: moving
